1000 14604
1000 14685
1000 14664
1000 14526
1000 14466
1000 14556
1000 14734
1000 14417
1000 14613
1000 14474
1000 14345
1000 14585
1000 14498
1000 14519
1000 14621
1100 16430
1100 16573
1100 16379
1100 16286
1100 16365
1100 16512
1100 16120
1100 16467
1100 16252
1100 16184
1100 16201
1100 16305
1100 16404
1100 16284
1100 16438
1200 18175
1200 18181
1200 18214
1200 18184
1200 18038
1200 18047
1200 18125
1200 18063
1200 17879
1200 18188
1200 17891
1200 18266
1200 18239
1200 18274
1200 17959
1300 19778
1300 19948
1300 19986
1300 19985
1300 20099
1300 20149
1300 20089
1300 19942
1300 19889
1300 20060
1300 19984
1300 20045
1300 20257
1300 19997
1300 19802
1400 21786
1400 21734
1400 21686
1400 21937
1400 21697
1400 21824
1400 21595
1400 21708
1400 21683
1400 21678
1400 21612
1400 21944
1400 21922
1400 21634
1400 21777
1500 23315
1500 23594
1500 23297
1500 23544
1500 23356
1500 23534
1500 23547
1500 23930
1500 23588
1500 23695
1500 23689
1500 23668
1500 23727
1500 23562
1500 23571
1600 25286
1600 25595
1600 25529
1600 25428
1600 25298
1600 25525
1600 25345
1600 25488
1600 25555
1600 25567
1600 25235
1600 25629
1600 25105
1600 25585
1600 25335
1700 27276
1700 27339
1700 27522
1700 27100
1700 27083
1700 27496
1700 27483
1700 27213
1700 27279
1700 27022
1700 27240
1700 27300
1700 27445
1700 27609
1700 27289
1800 29156
1800 29278
1800 29255
1800 29209
1800 29709
1800 29090
1800 29460
1800 28908
1800 29658
1800 29024
1800 29469
1800 29001
1800 29164
1800 29321
1800 29035
1900 31116
1900 31457
1900 31028
1900 30990
1900 31386
1900 31293
1900 31284
1900 30964
1900 31082
1900 30751
1900 31416
1900 31071
1900 31020
1900 31492
1900 31369
2000 33081
2000 33072
2000 33166
2000 32859
2000 32965
2000 33129
2000 32697
2000 33525
2000 32991
2000 33478
2000 33014
2000 33247
2000 32634
2000 32959
2000 33387
2100 35118
2100 34972
2100 35237
2100 34619
2100 34927
2100 34812
2100 34920
2100 35064
2100 35417
2100 34894
2100 35109
2100 35033
2100 34732
2100 34830
2100 34847
2200 37147
2200 36866
2200 36801
2200 37068
2200 37310
2200 36965
2200 37346
2200 37272
2200 36907
2200 36825
2200 36646
2200 37067
2200 36612
2200 36829
2200 36878
2300 39151
2300 38706
2300 38756
2300 39270
2300 38834
2300 38690
2300 39066
2300 38961
2300 38790
2300 38961
2300 38643
2300 38876
2300 38921
2300 38960
2300 39010
2400 41591
2400 41054
2400 40961
2400 41117
2400 40837
2400 41072
2400 41280
2400 41083
2400 40670
2400 41149
2400 40856
2400 41061
2400 41290
2400 40798
2400 41506
2500 42805
2500 43306
2500 43425
2500 43238
2500 43261
2500 43248
2500 43023
2500 42813
2500 42799
2500 43155
2500 43576
2500 43100
2500 42729
2500 43171
2500 42691
2600 45436
2600 46010
2600 44403
2600 44862
2600 44742
2600 45371
2600 44629
2600 45411
2600 45401
2600 44979
2600 45587
2600 44583
2600 45237
2600 45364
2600 44766
2700 47591
2700 47122
2700 47388
2700 47040
2700 46635
2700 47577
2700 47195
2700 47209
2700 47218
2700 47372
2700 47341
2700 46929
2700 46662
2700 46880
2700 47391
2800 49237
2800 49205
2800 49358
2800 48570
2800 48913
2800 49134
2800 48697
2800 49450
2800 49017
2800 49142
2800 48779
2800 48833
2800 48996
2800 48591
2800 49075
2900 51133
2900 51254
2900 51195
2900 50935
2900 51059
2900 51246
2900 51201
2900 50929
2900 51216
2900 51667
2900 51060
2900 50921
2900 51056
2900 50936
2900 50813
3000 53366
3000 52723
3000 53264
3000 53500
3000 52836
3000 53607
3000 54007
3000 53157
3000 52893
3000 52839
3000 53179
3000 52960
3000 53264
3000 53232
3000 53021
10 34
10 45
10 42
10 35
10 42
10 38
10 38
10 43
10 43
10 36
10 47
10 40
10 36
10 43
10 42
15 65
15 81
15 75
15 72
15 75
15 81
15 68
15 65
15 73
15 70
15 72
15 79
15 72
15 84
15 82
22 124
22 116
22 121
22 126
22 107
22 124
22 132
22 122
22 127
22 111
22 133
22 124
22 128
22 125
22 118
33 205
33 210
33 206
33 201
33 187
33 229
33 190
33 225
33 213
33 201
33 192
33 192
33 207
33 212
33 220
49 327
49 334
49 351
49 341
49 363
49 354
49 339
49 354
49 343
49 323
49 333
49 361
49 350
49 359
49 322
73 570
73 555
73 581
73 595
73 557
73 588
73 557
73 539
73 605
73 571
73 572
73 538
73 556
73 537
73 536
109 930
109 940
109 906
109 908
109 913
109 935
109 941
109 900
109 949
109 940
109 946
109 930
109 935
109 896
109 957
163 1501
163 1613
163 1594
163 1564
163 1608
163 1575
163 1569
163 1562
163 1544
163 1544
163 1525
163 1520
163 1594
163 1550
163 1527
244 2592
244 2606
244 2601
244 2534
244 2539
244 2565
244 2601
244 2533
244 2564
244 2575
244 2542
244 2568
244 2560
244 2559
244 2590
366 4297
366 4294
366 4262
366 4264
366 4285
366 4345
366 4293
366 4308
366 4298
366 4197
366 4326
366 4288
366 4280
366 4313
366 4201
549 7048
549 7066
549 7114
549 7041
549 7123
549 7087
549 6999
549 7032
549 7098
549 7051
549 7069
549 7043
549 7056
549 7023
549 7051
823 11504
823 11518
823 11492
823 11604
823 11561
823 11614
823 11448
823 11592
823 11612
823 11586
823 11514
823 11582
823 11508
823 11577
823 11457
1234 18522
1234 18831
1234 18518
1234 18795
1234 18696
1234 18951
1234 18550
1234 18577
1234 18783
1234 18592
1234 18644
1234 18954
1234 18673
1234 18891
1234 18830
1851 30412
1851 30046
1851 30337
1851 30098
1851 30320
1851 30420
1851 30304
1851 30022
1851 30036
1851 30182
1851 30307
1851 30278
1851 30121
1851 30224
1851 30050
2776 47718
2776 49214
2776 48157
2776 48222
2776 48897
2776 48471
2776 49007
2776 48654
2776 49109
2776 48701
2776 48010
2776 48813
2776 48542
2776 48345
2776 48893
4164 77104
4164 77225
4164 78734
4164 77544
4164 78402
4164 78236
4164 77375
4164 77630
4164 77979
4164 78173
4164 78230
4164 77758
4164 77828
4164 78747
4164 77355
6246 123971
6246 123818
6246 123145
6246 123665
6246 123727
6246 124280
6246 124581
6246 124189
6246 124253
6246 123264
6246 123921
6246 124138
6246 125245
6246 123724
6246 124046
9369 197218
9369 196816
9369 197371
9369 195770
9369 197576
9369 198848
9369 196597
9369 197870
9369 195984
9369 198239
9369 197139
9369 197655
9369 196227
9369 196743
9369 197686
